25
0
200
12 11 7
15 13 17
18 14 71
19 3 22
14 2 56
12 6 25
21 17 82
7 2 86
19 5 89
22 2 79
17 3 21
25 8 5
22 15 30
20 1 6
23 11 84
17 15 1
9 3 23
16 11 61
24 13 28
20 11 79
13 8 94
14 10 43
25 24 86
20 16 69
19 8 80
18 7 28
18 16 89
16 14 75
6 1 68
18 4 53
17 7 78
21 6 24
19 7 85
22 17 41
22 11 29
22 6 48
25 15 4
13 4 59
16 8 62
25 21 9
19 4 80
24 16 87
23 2 41
23 7 25
19 13 17
3 2 54
24 7 62
20 15 26
20 19 52
24 17 38
17 8 66
21 14 100
17 1 89
24 6 91
25 6 14
10 9 25
21 12 31
17 9 24
13 6 44
19 10 74
25 3 40
17 4 47
24 19 63
10 4 99
25 20 59
24 15 74
5 2 67
16 3 17
20 14 60
24 18 40
8 1 91
6 2 53
14 13 88
23 18 89
22 9 43
20 13 98
24 5 7
15 10 29
16 9 61
21 8 6
23 12 91
14 1 52
25 19 67
19 2 57
25 13 97
16 12 15
23 20 75
21 15 2
19 17 58
21 7 72
4 3 69
8 3 39
21 3 4
16 13 24
12 4 95
25 12 10
10 8 32
12 2 60
13 1 88
7 5 74
15 1 35
19 9 86
9 4 43
23 8 97
2 1 67
21 19 37
19 6 38
19 14 8
21 13 87
12 7 26
15 14 86
23 6 63
18 12 58
19 18 61
16 4 85
18 15 84
11 4 37
6 4 26
21 18 71
23 16 84
15 12 34
20 3 45
15 9 17
10 3 24
25 2 56
21 9 84
8 6 76
24 9 70
23 15 52
7 1 12
17 6 48
21 20 14
8 4 99
11 10 68
20 12 69
16 7 91
11 1 26
23 1 49
18 11 31
17 5 86
18 5 24
25 22 64
25 17 49
21 4 31
11 5 21
10 5 65
15 4 92
11 9 74
17 14 47
5 3 30
25 14 82
17 12 54
16 5 35
18 9 69
13 11 31
13 5 47
12 8 17
18 6 49
9 7 17
12 5 25
13 7 8
20 10 57
5 4 11
9 5 81
5 1 31
9 6 96
20 2 35
24 4 3
21 11 3
7 3 37
23 5 93
17 2 8
9 8 18
15 11 34
22 8 82
13 9 27
22 13 94
4 2 12
16 1 57
4 1 67
15 6 94
11 6 26
10 7 92
10 6 91
17 13 2
22 4 60
25 11 91
23 22 32
24 21 11
20 18 70
19 12 66
9 1 93
20 7 100
14 5 28
22 10 30
13 10 36
24 11 30
11 3 22
12 1 45
22 7 64
